
0-5: 00 00 00 00 16 00 
6-11: 05 00 00 00 16 01 
12-17: 00 00 00 00 16 02 
18-23: 00 00 00 00 00 03 
24-29: 00 00 00 00 16 04 
30-35: 05 00 00 00 16 05 
36-41: 01 00 00 00 0C 00 
42-47: 02 20 20 20 0B 46 
48-53: 00 00 00 20 10 01 
54-59: 01 04 20 20 10 02 
60-65: 02 05 20 20 07 28 
66-71: 00 00 00 20 01 00 
72-77: 01 20 20 20 02 01 
78-83: 03 20 20 20 14 02 
84-89: 00 00 00 20 14 01 
90-95: 00 00 00 20 16 00 
96-101: 03 00 00 00 16 01 
102-107: 02 00 00 00 10 02 
108-113: 01 02 20 20 11 03 
114-119: 01 02 20 20 12 04 
120-125: 01 02 20 20 13 05 
126-131: 01 02 20 20 14 01 
132-137: 00 00 00 20 00 00 
138-143: 00 00 00 00 00 00 
144-149: 00 00 00 00 00 00 
150-155: 00 00 00 00 00 00 
156-161: 00 00 00 00 00 00 
162-167: 00 00 00 00 00 00 
168-173: 00 00 00 00 00 00 
174-179: 00 00 00 00 00 00 
180-185: 00 00 00 00 00 00 
186-191: 00 00 00 00 00 00 
192-197: 00 00 00 00 00 00 
